0.21565,0.68073,0.29532,75.771
0.21566,0.66493,0.295,75.776
0.21521,0.65309,0.31011,75.781
0.20293,0.65704,0.31678,75.786
0.20417,0.68863,0.27521,75.791
0.20426,0.74392,0.27248,75.796
0.2158,0.8229,0.29048,75.801
0.22093,0.89003,0.25382,75.806
0.26541,0.94927,0.24747,75.811
0.26917,0.99271,0.25637,75.815
0.29313,1.0362,0.26324,75.82
0.28968,1.0559,0.24409,75.825
0.30324,1.0362,0.19491,75.83
0.33548,1.0322,0.19389,75.835
0.3434,1.0322,0.19844,75.84
0.34055,1.0125,0.15933,75.845
0.33666,0.99271,0.15473,75.85
0.32496,0.98086,0.14191,75.854
0.28503,0.98086,0.13062,75.859
0.2568,0.97691,0.13185,75.864
0.22893,0.96112,0.12133,75.869
0.22124,0.95717,0.10902,75.874
0.19382,0.95717,0.083468,75.879
0.18981,0.94927,0.082949,75.884
0.18246,0.95322,0.059287,75.889
0.18189,0.94532,0.078311,75.894
0.16159,0.93742,0.084019,75.898
0.18142,0.95717,0.093893,75.903
0.18911,0.96507,0.10628,75.908
0.20575,0.95322,0.08831,75.913
0.20873,0.96902,0.12351,75.918
0.23695,0.98481,0.12252,75.923
0.23739,1.0046,0.10757,75.928
0.253,1.0046,0.12436,75.933
0.2725,1.0046,0.14535,75.937
0.27618,1.0046,0.15722,75.942
0.30406,0.99666,0.16727,75.947
0.33516,0.99271,0.20461,75.952
0.33551,0.98086,0.19286,75.957
0.32703,0.96902,0.20725,75.962
0.32703,0.95717,0.20701,75.967
0.32635,0.94532,0.22979,75.972
0.32245,0.94532,0.2256,75.977
0.29836,0.93742,0.22327,75.981
0.26656,0.95322,0.20918,75.986
0.24281,0.95322,0.19551,75.991
0.1953,0.96902,0.16847,75.996
0.17142,0.98086,0.15886,76.001
0.15167,1.0006,0.14594,76.006
0.13561,0.99271,0.14433,76.011
0.13594,1.0164,0.1333,76.016
0.10393,1.0204,0.12665,76.021
0.09234,1.0164,0.11014,76.025
0.096133,1.0046,0.11794,76.03
0.068008,1.0243,0.1158,76.035
0.076383,1.0283,0.10509,76.04
0.072376,1.0125,0.10442,76.045
0.055623,1.0085,0.12591,76.05
0.072379,1.0085,0.10434,76.055
0.071923,1.0006,0.11953,76.06
0.071695,0.99666,0.12712,76.064
0.067108,0.98876,0.14578,76.069
0.071016,0.97691,0.14974,76.074
0.0748,0.98086,0.15786,76.079
0.054954,0.97297,0.14822,76.084
0.05897,0.97297,0.14858,76.089
0.066312,0.97297,0.17232,76.094
0.070549,0.98876,0.16533,76.099
0.078701,0.98086,0.16206,76.104
0.083286,0.99271,0.14347,76.108
0.08283,0.98481,0.15866,76.113
0.095462,0.97297,0.14033,76.118
0.11508,0.98086,0.15764,76.123
0.12335,0.97297,0.15053,76.128
0.13906,0.98876,0.1638,76.133
0.14708,0.99666,0.16468,76.138
0.14709,0.98876,0.16452,76.143
0.1471,0.97691,0.16428,76.147
0.16705,0.99271,0.17024,76.152
0.17153,0.99666,0.15534,76.157
0.16361,0.99666,0.15078,76.162
0.1721,0.99271,0.13608,76.167
0.17612,0.98876,0.13636,76.172
0.18772,0.98086,0.15263,76.177
0.15949,0.98086,0.15394,76.182
0.15949,0.98481,0.15402,76.187
0.15558,0.98876,0.1499,76.191
0.12368,0.98481,0.13926,76.196
0.13171,1.0006,0.14029,76.201
0.12367,1.0006,0.13957,76.206
0.11186,0.99271,0.13066,76.211
0.087305,0.98876,0.14375,76.216
0.10279,0.99666,0.16454,76.221
0.098313,0.99666,0.17952,76.226
0.11013,0.99666,0.18828,76.23
0.106,1.0006,0.19183,76.235
0.10244,0.99666,0.17605,76.24
0.099011,0.98481,0.15627,76.245
0.098893,0.98876,0.16018,76.25
0.094529,0.99271,0.17141,76.255
0.082713,0.98876,0.16257,76.26
0.067341,0.98481,0.13803,76.265
0.087197,0.97691,0.14735,76.27
0.090858,0.99271,0.15954,76.274
0.090973,0.99271,0.1557,76.279
0.10761,0.99271,0.13797,76.284
0.10394,0.99666,0.12618,76.289
0.067331,1.0006,0.13835,76.294
0.071932,0.98481,0.11921,76.299
0.072167,0.97691,0.11138,76.304
0.063905,0.97691,0.11833,76.309
0.084207,0.99271,0.11278,76.313
0.065048,0.98876,0.080204,76.318
0.044732,0.99666,0.086227,76.323
0.060562,1.0046,0.095503,76.328
0.072724,1.0085,0.09283,76.333
0.1084,1.0204,0.11166,76.338
0.11976,1.0164,0.13569,76.343
0.13986,0.99271,0.13702,76.348
0.13986,0.98876,0.13694,76.353
0.13964,0.98086,0.14446,76.357
0.15525,0.96902,0.16101,76.362
0.15537,0.96507,0.1571,76.367
0.1595,0.95717,0.15347,76.372
0.16752,0.97297,0.1545,76.377
0.18681,0.96112,0.18293,76.382
0.19494,0.98086,0.18021,76.387
0.19483,0.97297,0.18389,76.392
0.21149,0.95322,0.16576,76.396
0.23936,0.96112,0.17612,76.401
0.26714,0.95717,0.19008,76.406
0.27976,0.95322,0.1719,76.411
0.27965,0.95322,0.17574,76.416
0.29147,0.94927,0.18442,76.421
0.28756,0.95322,0.1803,76.426
0.26727,0.92953,0.18569,76.431
0.25923,0.92953,0.18497,76.436
0.18683,0.92953,0.1823,76.44
0.22331,0.93742,0.1742,76.445
0.23491,0.92163,0.19032,76.45
0.2348,0.90978,0.19392,76.455
0.23516,0.89398,0.18209,76.46
0.22322,0.90583,0.17741,76.465
0.23883,0.89003,0.19388,76.47
0.24719,0.92953,0.18389,76.475
0.22665,0.91373,0.19711,76.479
0.2186,0.94137,0.19694,76.484
0.21446,0.95717,0.20073,76.489
0.19759,0.96507,0.22629,76.494
0.17784,0.98086,0.21329,76.499
0.16969,0.99271,0.21664,76.504
0.17381,1.0046,0.2134,76.509
0.16957,1.0006,0.22063,76.514
0.16899,1.0046,0.2399,76.519
0.18023,1.0046,0.26783,76.523
0.17231,1.0125,0.26343,76.528
0.16416,1.0164,0.26662,76.533
0.16428,1.0085,0.26263,76.538
0.16818,1.0085,0.26683,76.543
0.15935,1.0046,0.29288,76.548
0.15441,0.99666,0.32305,76.553
0.14304,1.0085,0.43382,76.558
0.16942,1.0125,0.49397,76.562
0.18884,0.98876,0.38369,76.567
0.18301,0.95322,0.30937,76.572
0.18338,0.92558,0.29731,76.577
0.17477,0.91768,0.31561,76.582
0.19347,0.92558,0.36361,76.587
0.19609,0.95322,0.41056,76.592
0.20433,0.98086,0.40416,76.597
0.19675,1.0046,0.38857,76.602
0.20867,1.0204,0.3938,76.606
0.18056,1.0164,0.39119,76.611
0.16828,1.0125,0.3977,76.616
0.1645,1.0085,0.38959,76.621
0.16429,0.98086,0.39671,76.626
0.15684,0.96507,0.37649,76.631
0.16063,0.95717,0.38437,76.636
0.16327,0.95322,0.43069,76.641
0.15797,0.98086,0.47308,76.646
0.18195,0.98086,0.47908,76.65
0.2065,0.99666,0.46622,76.655
0.20224,1.0204,0.474,76.66
0.19522,1.048,0.43931,76.665
0.18389,1.0085,0.41442,76.67
0.16865,0.97691,0.38549,76.675
0.14789,0.96112,0.40638,76.68
0.14778,0.94137,0.40982,76.685
0.1238,0.94927,0.40398,76.689
0.1277,0.94532,0.40809,76.694
0.12359,0.90583,0.41078,76.699
0.13565,0.89398,0.41163,76.704
0.1157,0.87029,0.40551,76.709
0.09506,0.83475,0.42218,76.714
0.091054,0.81895,0.4215,76.719
0.087054,0.79131,0.42059,76.724
0.09131,0.77551,0.41296,76.729
0.095667,0.78341,0.40197,76.733
0.10404,0.78736,0.39127,76.738
0.091181,0.7992,0.41727,76.743
0.082112,0.7992,0.45108,76.748
0.090485,0.8071,0.44045,76.753
0.081988,0.815,0.45523,76.758
0.09072,0.7992,0.43262,76.763
0.12344,0.78341,0.41601,76.768
0.13135,0.79526,0.42081,76.772
0.13605,0.80315,0.39831,76.777
0.12422,0.8229,0.38995,76.782
0.12433,0.8229,0.38611,76.787
0.1092,0.81105,0.35374,76.792
0.093022,0.7992,0.35589,76.797
0.10555,0.77551,0.34116,76.802
0.12585,0.77946,0.33537,76.807
0.1386,0.77551,0.31336,76.812
0.12688,0.7992,0.30124,76.816
0.15889,0.8071,0.30812,76.821
0.16359,0.8229,0.28578,76.826
0.17585,0.84264,0.27959,76.831
0.20395,0.87819,0.28283,76.836
0.21597,0.92163,0.28478,76.841
0.24072,0.98876,0.26527,76.846
0.26583,1.0243,0.23362,76.851
0.27396,1.0598,0.23121,76.855
0.31326,1.1428,0.26334,76.86
0.33527,1.1902,0.20087,76.865
0.37472,1.2257,0.22821,76.87
0.40556,1.277,0.27433,76.875
0.42621,1.2849,0.25711,76.88
0.4229,1.2534,0.2331,76.885
0.42257,1.2257,0.24406,76.89
0.41789,1.1862,0.26593,76.895
0.40165,1.1033,0.2705,76.899
0.38205,1.0598,0.25248,76.904
0.34502,1.0006,0.27874,76.909
0.31693,0.96507,0.2755,76.914
0.29688,0.91373,0.27267,76.919
0.28036,0.90188,0.28633,76.924
0.24388,0.88214,0.29419,76.929
0.19902,0.85449,0.31268,76.934
0.16644,0.84264,0.3249,76.938
0.13787,0.83475,0.33756,76.943
0.12594,0.8229,0.3324,76.948
0.12205,0.81105,0.32797,76.953
0.14167,0.81105,0.34512,76.958
0.12204,0.82685,0.32828,76.963
0.11825,0.8387,0.32048,76.968
0.13017,0.86239,0.32588,76.973
0.1344,0.88214,0.31896,76.978
0.16274,0.89793,0.31413,76.982
0.16273,0.91373,0.31445,76.987
0.15893,0.92953,0.30673,76.992
0.15926,0.94927,0.29561,76.997
0.15535,0.97691,0.29197,77.002
0.13595,0.99271,0.26746,77.007
0.12366,1.0125,0.27444,77.012
0.12009,1.0283,0.25905,77.017
0.11217,1.0322,0.25457,77.021
0.10896,1.0362,0.22743,77.026
0.11711,1.0283,0.22416,77.031
0.1209,1.0283,0.23219,77.036
0.11666,1.0164,0.23927,77.041
0.12458,1.0006,0.24351,77.046
0.12826,0.99271,0.25523,77.051
0.12378,0.98876,0.27013,77.056
0.13228,0.98876,0.25551,77.061
0.12344,0.98481,0.28156,77.065
0.13137,0.96902,0.28581,77.07
0.13527,0.97297,0.29008,77.075
0.14297,0.95322,0.30192,77.08
0.15881,0.94137,0.3108,77.085
0.16317,0.94137,0.29965,77.09
0.18302,0.93742,0.30906,77.095
0.203,0.92953,0.31454,77.1
0.18763,0.91768,0.28984,77.104
0.20335,0.90978,0.30264,77.109
0.19933,0.91373,0.30236,77.114
0.21563,0.91768,0.29621,77.119
0.2115,0.91768,0.29968,77.124
0.21185,0.90978,0.28802,77.129
0.20771,0.92163,0.29173,77.134
0.19955,0.92953,0.295,77.139
0.19611,0.93742,0.27561,77.144
0.20792,0.95322,0.28469,77.148
0.19231,0.95717,0.26797,77.153
0.18084,0.95717,0.24771,77.158
0.18793,0.98481,0.27967,77.163
0.18381,0.97691,0.28299,77.168
0.18426,0.98481,0.2678,77.173
0.18828,0.97691,0.26801,77.178
0.17991,0.97297,0.27871,77.183
0.18393,0.96902,0.279,77.187
0.19207,0.97691,0.27604,77.192
0.19597,0.97691,0.28024,77.197
0.19575,0.96507,0.28767,77.202
0.19173,0.96507,0.28731,77.207
0.18806,0.95717,0.27528,77.212
0.20356,0.94532,0.29568,77.217
0.21596,0.94532,0.28525,77.222
0.22353,0.93347,0.30108,77.227
0.21998,0.92953,0.2853,77.231
0.21575,0.90978,0.29221,77.236
0.2123,0.91373,0.27275,77.241
0.21276,0.91373,0.2574,77.246
0.20851,0.92163,0.26487,77.251
0.21688,0.93742,0.2544,77.256
0.22112,0.95322,0.24741,77.261
0.22112,0.95322,0.24741,77.266
0.23718,0.95322,0.24885,77.271
0.22546,0.97691,0.23673,77.275
0.24165,0.97297,0.23426,77.28
0.25806,0.96507,0.22404,77.285
0.2335,0.96507,0.23722,77.29
0.23682,0.97691,0.26083,77.295
0.22822,0.97691,0.27929,77.3
0.21639,0.98481,0.27069,77.305
0.21697,0.97297,0.25128,77.31
0.22134,0.97297,0.24013,77.314
0.22983,0.96902,0.22543,77.319
0.21356,0.92953,0.23087,77.324
0.20919,0.94137,0.24225,77.329
0.2007,0.93742,0.25679,77.334
0.17649,0.92558,0.25822,77.339
0.18533,0.93742,0.23233,77.344
0.19359,0.94137,0.22546,77.349
0.20104,0.94532,0.24544,77.354
0.20127,0.95322,0.23793,77.358
0.18508,0.96112,0.24047,77.363
0.19219,0.97297,0.27212,77.368
0.18462,0.96902,0.25598,77.373
0.18497,0.96112,0.24431,77.378
0.19712,0.97297,0.2418,77.383
0.20149,0.96507,0.23049,77.388
0.20917,0.96902,0.2428,77.393
0.19391,0.96902,0.2145,77.397
0.19013,0.96507,0.20639,77.402
0.18967,0.96507,0.22173,77.407
0.18176,0.96112,0.2171,77.412
0.19003,0.94927,0.20991,77.417
0.18566,0.95322,0.22114,77.422
0.20034,0.96112,0.26877,77.427
0.20528,0.96507,0.23852,77.432
0.20207,0.95717,0.21115,77.437
0.19806,0.95322,0.21071,77.441
0.21802,0.94927,0.21628,77.446
0.21378,0.95322,0.22367,77.451
0.22135,0.95717,0.23981,77.456
0.2218,0.97297,0.22478,77.461
0.20596,0.96902,0.21559,77.466
0.20229,0.97691,0.20387,77.471
0.20963,0.98481,0.22777,77.476
0.20951,0.98086,0.23153,77.48
0.21388,0.97691,0.2203,77.485
0.21009,0.97297,0.21219,77.49
0.20619,0.96902,0.20791,77.495
0.20253,0.96112,0.19588,77.5
0.21068,0.95717,0.19269,77.505
0.20195,0.96112,0.21507,77.51
0.19438,0.95717,0.19892,77.515
0.18565,0.97297,0.22153,77.52
0.19438,0.96507,0.19908,77.524
0.19851,0.96112,0.19552,77.529
0.20264,0.96507,0.19213,77.534
0.18669,0.95717,0.18669,77.539
0.18257,0.94927,0.19,77.544
0.16237,0.95322,0.19211,77.549
0.16213,0.96902,0.2001,77.554
0.1549,0.96902,0.17252,77.559
0.15077,0.96902,0.176,77.563
0.1393,0.96112,0.15557,77.568
0.14355,0.96112,0.14826,77.573
0.14355,0.96112,0.14826,77.578
0.13161,0.97297,0.14358,77.583
0.1191,0.96507,0.15768,77.588
0.13551,0.96902,0.1477,77.593
0.13963,0.98481,0.14454,77.598
0.14744,0.97691,0.15278,77.603
0.14767,0.98086,0.14518,77.607
0.15569,0.99271,0.14614,77.612
0.16796,1.0085,0.13987,77.617
0.19252,1.0125,0.12677,77.622
0.19194,1.0164,0.14603,77.627
0.18,1.0243,0.14127,77.632
0.18816,1.0125,0.13792,77.637
0.18093,1.0125,0.11034,77.642
0.16005,1.0006,0.13515,77.646
0.16453,1.0046,0.12025,77.651
0.14835,0.99271,0.1224,77.656
0.16465,0.98876,0.1161,77.661
0.14894,0.96507,0.10267,77.666
0.14055,0.98481,0.11385,77.671
0.15295,0.98876,0.1035,77.676
0.14904,0.99271,0.099383,77.681
0.16051,1.0046,0.11989,77.686
0.16074,1.0046,0.11221,77.69
0.16487,1.0085,0.10882,77.695
0.17267,1.0085,0.11721,77.7
0.16442,0.99271,0.12385,77.705
0.14812,0.99666,0.13015,77.71
0.14008,1.0006,0.12951,77.715
0.12839,0.99271,0.11676,77.72
0.14032,0.99666,0.12176,77.725
0.14422,0.98876,0.1258,77.729
0.16488,0.99271,0.1085,77.734
0.18037,0.99666,0.12921,77.739
0.1768,1.0085,0.11374,77.744
0.18047,1.0085,0.12561,77.749
0.18472,1.0085,0.1183,77.754
0.19264,1.0046,0.12278,77.759
0.20479,1.0243,0.12042,77.764
0.20927,1.0164,0.10528,77.769
0.19263,1.0125,0.12293,77.773
0.20492,1.0046,0.11619,77.778
0.20434,1.0085,0.13545,77.783
0.20446,1.0046,0.13153,77.788
0.20021,1.0006,0.13877,77.793
0.20837,0.98876,0.13542,77.798
0.20436,0.98086,0.1349,77.803
0.20402,0.96902,0.14617,77.808
0.19622,0.96507,0.1377,77.812
0.18841,0.96902,0.12938,77.817
0.20425,0.96507,0.13842,77.822
0.2,0.97691,0.14597,77.827
0.18795,0.98086,0.14496,77.832
0.1923,1.0006,0.13421,77.837
0.19643,0.99666,0.13065,77.842
0.17577,1.0046,0.14819,77.847
0.17932,1.0085,0.16397,77.852
0.17107,0.99666,0.17068,77.856
0.1791,0.99666,0.17141,77.861
0.16293,0.98086,0.17348,77.866
0.18312,0.98481,0.17153,77.871
0.18267,0.97691,0.18672,77.876
0.1868,0.97297,0.18317,77.881
0.17901,0.96112,0.17453,77.886
0.16259,0.96112,0.1846,77.891
0.17889,0.95717,0.17829,77.896
0.18325,0.96507,0.1673,77.9
0.16294,0.96902,0.17325,77.905
0.18336,0.96507,0.16347,77.91
0.19553,0.96507,0.16071,77.915
0.21217,0.96902,0.14306,77.92
0.19954,0.97691,0.16131,77.925
0.20758,0.96507,0.1618,77.93
0.23213,0.97297,0.14878,77.935
0.22811,0.97691,0.1485,77.939
0.23213,0.97297,0.14878,77.944
0.30868,0.95717,0.14766,77.949
0.26048,0.95717,0.14332,77.954
0.27643,0.95717,0.1486,77.959
0.25602,0.93742,0.15791,77.964
0.25165,0.95322,0.16937,77.969
0.24374,0.94137,0.16458,77.974
0.26004,0.93742,0.15827,77.979
0.24397,0.93347,0.15675,77.983
0.2232,0.93742,0.17804,77.988
0.21872,0.93742,0.19302,77.993
0.21033,0.95322,0.20412,77.998
0.20265,0.94927,0.19181,78.003
0.22272,0.96507,0.19393,78.008
0.20654,0.96902,0.1964,78.013
0.19415,0.96507,0.20675,78.018
0.1907,0.97297,0.18736,78.022
0.19024,0.96902,0.20263,78.027
0.18221,0.96507,0.20183,78.032
0.1985,0.97691,0.19584,78.037
0.19426,0.97297,0.20307,78.042
0.20987,0.96507,0.2197,78.047
0.20573,0.96902,0.22326,78.052
0.20597,0.96112,0.21543,78.057
0.20963,0.98086,0.22769,78.062
0.20974,0.98086,0.22386,78.066
0.20986,0.98086,0.22002,78.071
0.21766,0.97691,0.22834,78.076
0.22984,0.96112,0.22527,78.081
0.22168,0.96902,0.22854,78.086
0.22581,0.96902,0.22507,78.091
0.23372,0.98481,0.22994,78.096
0.22214,0.97297,0.21327,78.101
0.20941,0.96507,0.23505,78.105
0.20998,0.96902,0.21595,78.11
0.19346,0.96112,0.22969,78.115
0.16948,0.95322,0.22353,78.12
0.14997,0.95717,0.20262,78.125
0.13414,0.96112,0.19358,78.13
0.12599,0.96112,0.19669,78.135
0.14217,0.96112,0.1943,78.14
0.13011,0.96902,0.19337,78.145
0.11749,0.96902,0.21147,78.149
0.12976,0.97691,0.20504,78.154
0.14571,0.98086,0.2104,78.159
0.13389,0.98481,0.20172,78.164
0.1464,0.98481,0.18746,78.169
0.15742,0.97297,0.22284,78.174
0.17819,0.98481,0.20186,78.179
0.186,0.96902,0.20994,78.184
0.19403,0.96902,0.21066,78.188
0.19415,0.96112,0.20667,78.193
0.2062,0.96507,0.20783,78.198
0.21423,0.96902,0.20864,78.203
0.21067,0.97297,0.19301,78.208
0.22214,0.97691,0.21335,78.213
0.22639,0.96507,0.2058,78.218
0.23878,0.96902,0.19546,78.223
0.23477,0.96507,0.19502,78.228
0.23443,0.96507,0.20653,78.232
0.21871,0.96112,0.19349,78.237
0.23866,0.97691,0.19945,78.242
0.2109,0.96902,0.18526,78.247
0.22651,0.96902,0.20205,78.252
0.23477,0.96507,0.19502,78.257
0.23064,0.96112,0.19841,78.262
0.23454,0.96507,0.20269,78.267
0.22662,0.97297,0.19829,78.271
0.2226,0.97297,0.19793,78.276
0.21032,0.97691,0.2046,78.281
0.20241,0.96902,0.19988,78.286
0.21067,0.97297,0.19301,78.291
0.21491,0.97297,0.1857,78.296
0.22696,0.97691,0.18686,78.301
0.2226,0.96902,0.19785,78.306
0.2187,0.97297,0.19373,78.311
0.20298,0.97297,0.18078,78.315
0.20677,0.97297,0.18881,78.32
0.21033,0.96902,0.20444,78.325
0.20253,0.96112,0.19588,78.33
0.21068,0.94927,0.19253,78.335
0.21045,0.95322,0.20029,78.34
0.22639,0.96507,0.2058,78.345
0.21079,0.95717,0.18886,78.35
0.21067,0.97297,0.19301,78.354
0.20677,0.96902,0.18873,78.359
0.21469,0.96902,0.19329,78.364
0.21044,0.96902,0.2006,78.369
0.2148,0.96902,0.18945,78.374
0.19506,0.97297,0.17622,78.379
0.19461,0.95717,0.19125,78.384
0.19082,0.96902,0.18345,78.389
0.19862,0.96902,0.19184,78.394
0.20665,0.96902,0.19257,78.398
0.20654,0.96902,0.1964,78.403
0.21055,0.97691,0.19692,78.408
0.20241,0.97297,0.19996,78.413
0.21423,0.96902,0.20864,78.418
0.21457,0.96507,0.19705,78.423
0.22249,0.96902,0.20169,78.428
0.22272,0.96112,0.19386,78.433
0.21871,0.96112,0.19349,78.437
0.20644,0.94927,0.19985,78.442
0.21504,0.95717,0.18155,78.447
0.2023,0.95717,0.20348,78.452
0.19828,0.96112,0.2032,78.457
0.19851,0.96507,0.1956,78.462
0.19403,0.96902,0.21066,78.467
0.20264,0.97297,0.19228,78.472
0.19506,0.97297,0.17622,78.477
0.19873,0.97297,0.18809,78.481
0.19919,0.97691,0.17282,78.486
0.20287,0.97297,0.18461,78.491
0.1946,0.98481,0.1918,78.496
0.2023,0.96507,0.20364,78.501
0.20643,0.96507,0.20016,78.506
0.19873,0.97691,0.18817,78.511
0.19047,0.96902,0.19496,78.516
0.19461,0.96507,0.1914,78.521
0.2101,0.96902,0.21211,78.525
0.21446,0.95717,0.20073,78.53
0.22272,0.96112,0.19386,78.535
0.21859,0.96112,0.19733,78.54
0.21469,0.96507,0.19321,78.545
0.21515,0.96112,0.17779,78.55
0.21492,0.95717,0.18538,78.555
0.22272,0.97297,0.19409,78.56
0.22249,0.96507,0.20161,78.564
0.22295,0.96112,0.18618,78.569
0.22674,0.96112,0.19422,78.574
0.21928,0.96507,0.17439,78.579
0.22696,0.97297,0.18678,78.584
0.22272,0.96902,0.19401,78.589
0.22708,0.97691,0.18302,78.594
0.22283,0.97297,0.19026,78.599
0.21469,0.96902,0.19329,78.604
0.21033,0.96112,0.20428,78.608
0.2186,0.95717,0.19725,78.613
0.21825,0.96112,0.20884,78.618
0.21458,0.95717,0.19689,78.623
0.20264,0.96112,0.19205,78.628
0.18681,0.96112,0.18293,78.633
0.19437,0.97297,0.19923,78.638
0.19426,0.97691,0.20315,78.643
0.18669,0.96112,0.18677,78.647
0.17418,0.97297,0.20126,78.652
0.17429,0.97297,0.19743,78.657
0.17888,0.97297,0.17861,78.662
0.18255,0.98086,0.19063,78.667
0.18278,0.98086,0.18296,78.672
0.18232,0.98086,0.19831,78.677
0.18232,0.97297,0.19815,78.682
0.20252,0.97691,0.1962,78.687
0.19471,0.98086,0.18788,78.691
0.19495,0.97691,0.18013,78.696
0.19896,0.97297,0.18041,78.701
0.20252,0.96902,0.19604,78.706
0.2148,0.96902,0.18945,78.711
0.20619,0.96902,0.20791,78.716
0.20619,0.97691,0.20807,78.721
0.19827,0.98086,0.20359,78.726
0.19886,0.95717,0.18394,78.73
0.18669,0.97297,0.187,78.735
0.20264,0.96507,0.19213,78.74
0.18279,0.96902,0.18273,78.745
0.19496,0.96112,0.17982,78.75
0.20356,0.96507,0.16144,78.755
0.19083,0.95717,0.18321,78.76
0.20653,0.97691,0.19656,78.765
0.20665,0.97297,0.19265,78.77
0.18645,0.98481,0.19491,78.774
0.21079,0.96902,0.18909,78.779
0.21079,0.96112,0.18893,78.784
0.20711,0.96902,0.17722,78.789
0.20287,0.96112,0.18438,78.794
0.22249,0.96112,0.20153,78.799
0.20195,0.95717,0.21499,78.804
0.20643,0.95322,0.19992,78.809
0.20172,0.96112,0.22274,78.813
0.21365,0.97297,0.2279,78.818
0.22581,0.98481,0.22538,78.823
0.22248,0.98481,0.202,78.828
0.1985,0.98481,0.196,78.833
0.19472,0.97691,0.1878,78.838
0.19507,0.96902,0.17614,78.843
0.20322,0.96112,0.17287,78.848
0.21115,0.94532,0.17711,78.853
0.20311,0.94927,0.17647,78.857
0.2147,0.94927,0.1929,78.862
0.21906,0.94927,0.18175,78.867
0.21113,0.96902,0.17758,78.872
0.19863,0.96112,0.19169,78.877
0.20252,0.97297,0.19612,78.882
0.21021,0.96902,0.20827,78.887
0.20619,0.97297,0.20799,78.892
0.21847,0.96902,0.20132,78.896
0.19449,0.97691,0.19548,78.901
0.19048,0.96112,0.1948,78.906
0.19083,0.94532,0.18298,78.911
0.19094,0.95717,0.17938,78.916
0.21114,0.95322,0.17727,78.921
0.19059,0.96507,0.19104,78.926
0.20276,0.96112,0.18821,78.931
0.19494,0.98481,0.18029,78.936
0.21078,0.97297,0.18917,78.94
0.2109,0.97691,0.18541,78.945
0.2226,0.97691,0.19801,78.95
0.21882,0.96902,0.18982,78.955
0.24281,0.96112,0.19566,78.96
0.23454,0.96507,0.20269,78.965
0.23925,0.95717,0.17988,78.97
0.22709,0.95322,0.18255,78.975
0.25085,0.94927,0.19615,78.979
0.23891,0.95717,0.19139,78.984
0.23488,0.97297,0.19134,78.989
0.22284,0.95717,0.18994,78.994
0.21114,0.96112,0.17743,78.999
0.22319,0.95717,0.17843,79.004
0.21481,0.96112,0.1893,79.009
0.22778,0.95717,0.15961,79.014
0.23511,0.97297,0.18367,79.019
0.25164,0.97297,0.16977,79.023
0.23936,0.97691,0.17644,79.028
0.25956,0.96507,0.17417,79.033
0.26357,0.96902,0.17461,79.038
0.30788,0.95322,0.17443,79.043
0.29938,0.95717,0.18914,79.048
0.29972,0.96507,0.17778,79.053
0.28744,0.96507,0.18437,79.058
0.28274,0.95717,0.20687,79.062
0.27459,0.96902,0.21022,79.067
0.25831,0.94137,0.2159,79.072
0.23019,0.94927,0.21352,79.077
0.20231,0.93742,0.20308,79.082
0.19817,0.94927,0.2068,79.087
0.20242,0.95322,0.19956,79.092
0.19816,0.96507,0.20711,79.097
0.19105,0.96507,0.1757,79.102
0.1868,0.96902,0.18309,79.106
0.19426,0.96507,0.20291,79.111
0.21446,0.96902,0.20096,79.116
0.21905,0.97297,0.18222,79.121
0.23488,0.97691,0.19142,79.126
0.23889,0.97691,0.19178,79.131
0.25518,0.99271,0.18587,79.136
0.27148,0.98876,0.17956,79.141
0.2911,0.99271,0.19679,79.146
0.27963,0.98086,0.17629,79.15
0.27537,0.99666,0.18392,79.155
0.27538,0.99271,0.18384,79.16
0.27963,0.98481,0.17637,79.165
0.28365,0.98086,0.17665,79.17
0.2794,0.97691,0.18389,79.175
0.2747,0.96902,0.20638,79.18
0.28239,0.96507,0.21854,79.185
0.26277,0.95717,0.20123,79.189
0.24304,0.95322,0.18783,79.194
0.23053,0.95322,0.20209,79.199
0.22285,0.94532,0.1897,79.204
0.21883,0.94532,0.18934,79.209
0.21091,0.94927,0.18486,79.214
0.20735,0.95322,0.16923,79.219
0.19875,0.95322,0.18769,79.224
0.23489,0.96507,0.19118,79.229
0.2272,0.96902,0.17903,79.233
0.24693,0.97297,0.19242,79.238
0.24292,0.96902,0.19198,79.243
0.25531,0.96507,0.18148,79.248
0.26804,0.98086,0.15986,79.253
0.25577,0.96902,0.16621,79.258
0.25991,0.96112,0.16258,79.263
0.27585,0.97691,0.16818,79.268
0.27447,0.96507,0.21398,79.272
0.27012,0.95717,0.22497,79.277
0.26244,0.93742,0.21234,79.282
0.25808,0.93742,0.22349,79.287
0.25889,0.92163,0.19632,79.292
0.23089,0.93347,0.19019,79.297
0.20634,0.92163,0.20313,79.302
0.21115,0.93347,0.17687,79.307
0.2115,0.92163,0.16513,79.312
0.20725,0.92953,0.1726,79.316
0.22722,0.92558,0.17816,79.321
0.2278,0.92953,0.15906,79.326
0.23617,0.93742,0.14843,79.331
0.22457,0.96112,0.13247,79.336
0.22822,0.98086,0.14474,79.341
0.23992,1.0006,0.15773,79.346
0.29223,1.0164,0.1589,79.351
0.3238,1.0006,0.18066,79.355
0.38796,0.96902,0.18965,79.36
0.42424,0.94927,0.18867,79.365
0.45259,0.92558,0.18306,79.37
0.45743,0.89793,0.15602,79.375
0.43724,0.88609,0.15781,79.38
0.43346,0.88609,0.14977,79.385
0.43335,0.87819,0.15345,79.39
0.43369,0.88609,0.1421,79.395
0.42165,0.87029,0.1407,79.399
0.40098,0.88609,0.15839,79.404
0.40513,0.86239,0.15444,79.409
0.40193,0.83475,0.12668,79.414
0.41423,0.8071,0.11954,79.419
0.41021,0.80315,0.1191,79.424
0.41814,0.79526,0.1235,79.429
0.4427,0.77946,0.11001,79.434
0.42218,0.75576,0.12307,79.438
0.37709,0.73997,0.14947,79.443
0.33165,0.73207,0.18754,79.448
0.30789,0.73207,0.17386,79.453
0.28024,0.72812,0.15591,79.458
0.2767,0.70048,0.13965,79.463
0.26857,0.67678,0.14229,79.468
0.26018,0.69258,0.15339,79.473
0.27201,0.68468,0.16199,79.478
0.26789,0.65309,0.16483,79.482
0.23977,0.66888,0.16262,79.487
0.22325,0.66098,0.17636,79.492
0.20271,0.64914,0.18966,79.497
0.17081,0.65309,0.17918,79.502
0.14271,0.62544,0.17609,79.507
0.082825,0.60965,0.15885,79.512
0.051509,0.59385,0.12879,79.517
0.018585,0.5741,0.15236,79.521
-0.018259,0.58595,0.17236,79.526
-0.038009,0.60965,0.15951,79.531
-0.054319,0.63334,0.16621,79.536
-0.062018,0.65309,0.15437,79.541
-0.061555,0.64914,0.13895,79.546
-0.048823,0.66098,0.11725,79.551
-0.040673,0.65704,0.11406,79.556
0.0032785,0.65309,0.12563,79.561
0.022338,0.62939,0.16149,79.565
0.045638,0.61754,0.19028,79.57
0.053358,0.56226,0.20141,79.575
0.043968,0.52277,0.24593,79.58
0.038949,0.46748,0.279,79.585
-0.0046335,0.43194,0.25513,79.59
-0.024262,0.44378,0.23821,79.595
-0.01245,0.45563,0.24721,79.6
-0.016582,0.45563,0.25068,79.604
-0.0046666,0.48722,0.25623,79.609
0.019762,0.51092,0.24737,79.614
0.072413,0.54646,0.23743,79.619
0.1005,0.59385,0.2409,79.624
0.1318,0.62939,0.27136,79.629
0.1344,0.68468,0.31886,79.634
0.14079,0.74392,0.37447,79.639
0.11655,0.79526,0.37716,79.644
0.071977,0.87029,0.38619,79.648
0.023648,0.90188,0.38632,79.653
-0.039006,0.90978,0.32699,79.658
-0.097628,0.89003,0.26746,79.663
-0.11275,0.85054,0.23454,79.668
-0.10792,0.8387,0.20781,79.673
-0.06809,0.81895,0.22254,79.678
-0.024932,0.79526,0.26057,79.683
-0.0015205,0.78736,0.2856,79.687
0.013293,0.76366,0.32877,79.692
0.029259,0.73602,0.3335,79.697
0.062454,0.68863,0.30092,79.702
0.064444,0.63334,0.2346,79.707
0.091421,0.60965,0.27502,79.712
0.086467,0.63729,0.3059,79.717
0.069347,0.66888,0.33961,79.722
0.077824,0.69653,0.32554,79.727
0.08642,0.71627,0.30748,79.731
0.12646,0.73602,0.31532,79.736
0.15007,0.77946,0.3337,79.741
0.18585,0.80315,0.34894,79.746
0.21691,0.86239,0.38754,79.751
0.27206,0.94137,0.4287,79.756
0.31254,0.98876,0.42175,79.761
0.32252,0.99666,0.35742,79.766
0.32368,0.99271,0.31897,79.771
0.31828,0.98481,0.36449,79.775
0.29371,1.0085,0.37814,79.78
0.24884,1.0164,0.39734,79.785
0.2003,1.0164,0.40451,79.79
0.1396,0.99666,0.41404,79.795
0.079021,0.98481,0.41989,79.8
0.039793,0.96112,0.38511,79.805
0.0087075,0.94532,0.34738,79.81
0.01274,0.91768,0.34719,79.814
-0.027075,0.91373,0.33199,79.819
-0.047948,0.89003,0.35656,79.824
-0.055961,0.85844,0.35521,79.829
-0.068922,0.84264,0.3845,79.834
-0.06158,0.84264,0.40824,79.839
-0.038285,0.8387,0.43718,79.844
-0.014096,0.87819,0.4363,79.849
0.042665,0.94927,0.4236,79.854
0.12572,0.97691,0.47394,79.858
0.19538,0.98481,0.43421,79.863
0.24839,0.99271,0.41221,79.868
0.28891,0.98086,0.40408,79.873
0.28949,0.97297,0.38474,79.878
0.28203,0.96902,0.36476,79.883
0.26206,0.98086,0.35935,79.888
0.21708,0.97297,0.38207,79.893
0.18874,0.96902,0.38713,79.897
0.16134,0.92558,0.36072,79.902
0.10192,0.89793,0.32789,79.907
0.041108,0.87819,0.34126,79.912
0.025858,0.86239,0.31264,79.917
-0.029092,0.84264,0.26499,79.922
-0.073262,0.82685,0.2607,79.927
-0.10537,0.79526,0.25718,79.932
-0.14621,0.75971,0.27587,79.937
-0.15982,0.68863,0.32708,79.941
-0.14739,0.62149,0.31531,79.946
-0.13865,0.60175,0.29262,79.951
-0.12279,0.54646,0.30064,79.956
-0.11415,0.50697,0.28139,79.961
-0.12834,0.43588,0.21715,79.966
-0.14851,0.39244,0.21831,79.971
-0.11203,0.39639,0.34477,79.976
0.17473,0.3885,0.4512,79.98
0.17764,0.49117,0.62277,79.985
-0.16764,0.60965,0.99027,79.99
-0.56464,0.85054,1.471,79.995
-1.0899,1.3758,2.0651,80
-1.5677,2.1617,2.6879,80.005
-1.9939,2.8014,2.8008,80.01
-2.3312,3.1015,2.3648,80.015
-2.4196,3.145,2.0923,80.02
-2.414,3.1608,1.77,80.024
-2.2766,3.2872,1.3502,80.029
-2.1275,3.299,0.9446,80.034
-1.8832,2.6276,0.85699,80.039
-1.4104,1.743,0.80108,80.044
-0.85384,0.99666,0.77469,80.049
-0.44177,0.62544,0.73127,80.054
-0.16286,0.53856,0.69693,80.059
-0.022733,0.52277,0.58998,80.063
0.013729,0.40034,0.44848,80.068
-0.032035,0.18314,0.36309,80.073
-0.04146,0.0093792,0.40877,80.078
-0.042321,-0.089349,0.43749,80.083
-0.074675,-0.1012,0.44204,80.088
-0.15056,-0.045909,0.42093,80.093
-0.26185,0.1239,0.37199,80.098
-0.34525,0.28187,0.33303,80.103
-0.36483,0.40824,0.31456,80.107
-0.3213,0.53066,0.34016,80.112
-0.31057,0.6136,0.3851,80.117
-0.31936,0.73602,0.40983,80.122
-0.35234,0.81105,0.43529,80.127
-0.37784,0.84264,0.47979,80.132
-0.42729,0.82685,0.51734,80.137
-0.46442,0.73602,0.5468,80.142
-0.52056,0.5899,0.53882,80.146
-0.59147,0.39244,0.48618,80.151
-0.63811,0.28582,0.42984,80.156
-0.70457,0.1397,0.36324,80.161
-0.73254,0.09626,0.356,80.166
-0.72479,0.17129,0.3659,80.171
-0.6958,0.25028,0.33931,80.176
-0.6794,0.27792,0.3298,80.181
-0.63937,0.29372,0.33757,80.186
-0.6162,0.31741,0.3709,80.19
-0.66108,0.32531,0.3901,80.195
-0.69972,0.26212,0.46998,80.2
-0.78574,0.17919,0.51828,80.205
-0.88063,0.15155,0.59382,80.21
-0.97297,0.10416,0.58456,80.215
-1.0403,0.060718,0.54686,80.22
-1.0839,0.025176,0.52299,80.225
-1.1565,-0.0064173,0.52736,80.229
-1.1925,-0.061705,0.51917,80.234
-1.2314,-0.069603,0.4732,80.239
-1.2304,-0.065654,0.43875,80.244
-1.1697,-0.061705,0.42891,80.249
-1.093,-0.073552,0.42403,80.254
-0.98857,-0.0854,0.43319,80.259
-0.88725,-0.061705,0.41201,80.264
-0.84525,-0.065654,0.35416,80.269
-0.79372,-0.081451,0.38156,80.273
-0.79568,-0.073552,0.44694,80.278
-0.79615,-0.053807,0.46268,80.283
-0.872,-0.057756,0.44039,80.288
-0.93604,-0.03801,0.42732,80.293
-1.0204,-0.034061,0.41981,80.298
-1.0644,-0.065654,0.41137,80.303
-1.1406,-0.089349,0.40019,80.308
-1.2197,-0.14859,0.35342,80.312
-1.3468,-0.25916,0.29361,80.317
-1.5242,-0.37764,0.29836,80.322
-1.6711,-0.53165,0.22821,80.327
-1.712,-0.63828,0.11469,80.332
-1.5527,-0.74885,0.17681,80.337
-1.2916,-0.81204,0.33368,80.342
-1.1591,-0.7686,0.34647,80.347
-1.284,-0.60668,0.34617,80.352
-1.2787,-0.41713,0.30428,80.356
-1.1714,-0.40133,0.21808,80.361
-0.999,-0.46846,0.2438,80.366
-1.0238,-0.59484,0.26596,80.371
-1.1191,-0.64223,0.22181,80.376
-1.1792,-0.53165,0.21092,80.381
-1.1741,-0.33419,0.17303,80.386
-1.1132,-0.19598,0.15819,80.391
-1.0616,-0.12884,0.18341,80.396
-1.0134,-0.03801,0.18572,80.4
-0.95676,0.11206,0.17843,80.405
-0.88559,0.24633,0.22214,80.41
-0.79749,0.29372,0.23871,80.415
-0.77232,0.24238,0.20533,80.42
-0.80335,0.13575,0.16578,80.425
-0.81136,0.09626,0.16427,80.43
-0.75084,0.021227,0.16052,80.435
-0.65488,-0.034061,0.18344,80.439
-0.60483,-0.069603,0.26032,80.444
-0.66565,-0.069603,0.27408,80.449
-0.70203,-0.073552,0.27842,80.454
-0.74425,-0.097247,0.34339,80.459
-0.75847,-0.11304,0.41488,80.464
-0.78889,-0.11304,0.48907,80.469
-0.79278,-0.12094,0.48472,80.474
-0.85162,-0.16043,0.43247,80.479
-0.93938,-0.20387,0.40447,80.483
-1.0229,-0.25916,0.36893,80.488
-1.0704,-0.31445,0.34047,80.493
-1.1187,-0.33814,0.33949,80.498
-1.1377,-0.35394,0.30284,80.503
-1.1249,-0.36974,0.2806,80.508
-1.1006,-0.37764,0.27493,80.513
-1.0074,-0.37764,0.25639,80.518
-0.90015,-0.35394,0.30499,80.522
-0.84555,-0.33025,0.36423,80.527
-0.8241,-0.3105,0.3204,80.532
-0.80193,-0.34209,0.25252,80.537
-0.80973,-0.33814,0.2442,80.542
-0.83394,-0.34604,0.24571,80.547
-0.85023,-0.36184,0.25162,80.552
-0.87052,-0.39343,0.25686,80.557
-0.91846,-0.42897,0.24414,80.562
-0.94669,-0.42897,0.24545,80.566
-0.97479,-0.44872,0.24252,80.571
-1.0031,-0.47241,0.24719,80.576
-1.0288,-0.44477,0.29928,80.581
-1.0393,-0.44872,0.37904,80.586
-1.0717,-0.42897,0.38422,80.591
-1.0796,-0.43292,0.37958,80.596
-1.0952,-0.39738,0.3635,80.601
-1.088,-0.39738,0.39108,80.605
-1.057,-0.39738,0.43233,80.61
-1.0293,-0.41318,0.44989,80.615
-0.97198,-0.38158,0.41722,80.62
-0.92185,-0.34604,0.35705,80.625
-0.90901,-0.31445,0.33191,80.63
-0.87312,-0.28286,0.34346,80.635
-0.86119,-0.26706,0.3487,80.64
-0.8619,-0.23547,0.37235,80.645
-0.85047,-0.17228,0.39387,80.649
-0.85061,-0.12884,0.39858,80.654
-0.85004,-0.11304,0.37971,80.659
-0.85051,-0.10515,0.39521,80.664
-0.85016,-0.11304,0.38355,80.669
-0.86668,-0.11304,0.39745,80.674
-0.86726,-0.11699,0.41655,80.679
-0.88769,-0.10515,0.42649,80.684
-0.91696,-0.089349,0.46263,80.688
-0.90539,-0.069603,0.47946,80.693
-0.8844,-0.049858,0.45097,80.698
-0.87923,-0.045909,0.41305,80.703
-0.87935,-0.03801,0.41704,80.708
-0.86282,-0.045909,0.40298,80.713
-0.84688,-0.030112,0.40858,80.718
-0.83622,-0.010366,0.45609,80.723
-0.80836,0.017277,0.46685,80.728
-0.81044,0.056769,0.40206,80.732
-0.78037,0.060718,0.33945,80.737
-0.76443,0.076514,0.34505,80.742
-0.7331,0.072565,0.37471,80.747
-0.74563,0.09626,0.38945,80.752
-0.75542,0.15155,0.44737,80.757
-0.78851,0.21078,0.47635,80.762
-0.81929,0.26607,0.42853,80.767
-0.87116,0.27792,0.41256,80.771
-0.8948,0.28187,0.39512,80.776
-0.90308,0.30556,0.40254,80.781
-0.90698,0.30951,0.39842,80.786
-0.88759,0.31346,0.42333,80.791
-0.85237,0.30951,0.45719,80.796
-0.82001,0.31741,0.45257,80.801
-0.76723,0.32136,0.43817,80.806
-0.76275,0.32531,0.42326,80.811
-0.74359,0.32531,0.45576,80.815
-0.725,0.30951,0.50712,80.82
-0.72259,0.30951,0.56119,80.825
-0.71649,0.28977,0.49211,80.83
-0.70455,0.27397,0.49671,80.835
-0.68917,0.26607,0.52102,80.84
-0.70075,0.24633,0.50419,80.845
-0.6927,0.22658,0.50452,80.85
-0.7084,0.19104,0.49086,80.854
-0.73281,0.14365,0.49926,80.859
-0.75322,0.11601,0.50841,80.864
-0.78992,0.068616,0.52339,80.869
-0.80724,0.056769,0.56391,80.874
-0.8115,0.076514,0.57161,80.879
-0.81127,0.076514,0.56394,80.884
-0.81127,0.068616,0.56378,80.889
-0.79497,0.064667,0.55747,80.894
-0.81941,0.060718,0.56674,80.898
-0.82251,0.072565,0.53592,80.903
-0.83858,0.084413,0.53471,80.908
-0.84271,0.084413,0.53819,80.913
-0.83124,0.084413,0.55845,80.918
-0.83033,0.10416,0.52816,80.923
-0.84204,0.11206,0.51572,80.928
-0.82574,0.10811,0.50941,80.933
-0.80095,0.092311,0.48825,80.937
-0.82139,0.11601,0.49842,80.942
-0.80968,0.11206,0.51094,80.947
-0.81381,0.11601,0.51449,80.952
-0.81335,0.11601,0.49915,80.957
-0.79212,0.11206,0.46251,80.962
-0.79235,0.10811,0.47011,80.967
-0.79188,0.10021,0.4546,80.972
-0.78787,0.10416,0.45504,80.977
-0.78729,0.09626,0.4357,80.981
-0.78729,0.10811,0.43594,80.986
-0.79556,0.11995,0.44313,80.991
-0.80004,0.1239,0.45819,80.996
-0.80441,0.1318,0.46949,81.001
-0.7958,0.1318,0.45104,81.006
-0.79569,0.1318,0.4472,81.011
-0.79488,0.12785,0.42027,81.016
-0.80301,0.10416,0.42291,81.021
-0.8277,0.1318,0.44047,81.025
-0.83172,0.12785,0.44003,81.03
-0.87508,0.11206,0.40889,81.035
-0.91936,0.088362,0.40827,81.04
-0.98373,0.072565,0.40601,81.045
-1.0116,0.060718,0.39557,81.05
-1.016,0.044921,0.4064,81.055
-1.0404,0.044921,0.41574,81.06
-1.065,0.05282,0.42908,81.064
-1.068,0.076514,0.39466,81.069
-1.0832,0.072565,0.36628,81.074
-1.103,0.076514,0.35305,81.079
-1.0947,0.084413,0.34625,81.084
-1.0941,0.072565,0.32684,81.089
-1.0854,0.076514,0.30462,81.094
-1.0738,0.10021,0.32152,81.099
-1.0378,0.1239,0.32908,81.104
-0.95715,0.15945,0.32551,81.108
-0.92869,0.16734,0.31669,81.113
-0.88864,0.15155,0.32383,81.118
-0.87257,0.1555,0.32535,81.123
-0.84032,0.14365,0.32417,81.128
-0.80394,0.1318,0.31952,81.133
-0.79211,0.1239,0.32812,81.138
-0.7765,0.11206,0.34467,81.143
-0.78454,0.12785,0.34426,81.147
-0.78075,0.11206,0.35198,81.152
-0.79602,0.1318,0.32408,81.157
-0.82872,0.12785,0.34029,81.162
-0.86522,0.1397,0.34878,81.167
-0.88118,0.1476,0.34365,81.172
-0.92167,0.12785,0.35115,81.177
-0.95083,0.14365,0.38347,81.182
-0.95601,0.1555,0.4217,81.187
-0.97243,0.17919,0.43224,81.191
-0.97483,0.17129,0.37801,81.196
-0.9661,0.1634,0.35556,81.201
-0.95406,0.17524,0.35688,81.206
-0.94235,0.1634,0.36924,81.211
-0.93809,0.1397,0.36145,81.216
-0.92157,0.14365,0.34763,81.221
-0.92628,0.1476,0.37037,81.226
-0.91835,0.1397,0.37477,81.23
-0.91389,0.15155,0.36002,81.235
-0.91009,0.14365,0.3679,81.24
-0.90561,0.1318,0.35268,81.245
-0.90159,0.1239,0.35288,81.25
-0.90205,0.12785,0.36831,81.255
-0.90206,0.14365,0.36862,81.26
-0.90217,0.13575,0.3723,81.265
-0.89472,0.1476,0.39244,81.27
-0.88278,0.1397,0.39721,81.274
-0.89507,0.14365,0.40387,81.279
-0.88772,0.1318,0.42738,81.284
-0.86729,0.1318,0.41768,81.289
-0.85948,0.12785,0.42599,81.294
-0.86453,0.1239,0.46008,81.299
-0.85307,0.1318,0.4805,81.304
-0.86511,0.1318,0.47942,81.309
-0.8487,0.12785,0.46928,81.313
-0.8643,0.11206,0.45217,81.318
-0.8434,0.09626,0.42681,81.323
-0.84363,0.09626,0.43448,81.328
-0.85176,0.064667,0.43696,81.333
-0.84361,0.060718,0.43377,81.338
-0.83099,0.064667,0.41575,81.343
-0.84257,0.060718,0.39924,81.348
-0.83844,0.064667,0.39585,81.353
-0.82687,0.080463,0.41259,81.357
-0.8426,0.10021,0.40003,81.362
-0.83847,0.10416,0.39664,81.367
-0.85053,0.1239,0.39595,81.372
-0.83504,0.1318,0.41673,81.377
-0.851,0.14365,0.41168,81.382
-0.86293,0.14365,0.40676,81.387
-0.85478,0.1397,0.40357,81.392
-0.86705,0.1239,0.40985,81.396
-0.87085,0.1318,0.40197,81.401
-0.8829,0.13575,0.40096,81.406
-0.88656,0.12785,0.38893,81.411
-0.89814,0.11206,0.37219,81.416
-0.90652,0.11995,0.38313,81.421
-0.93475,0.10811,0.3842,81.426
-0.92351,0.11206,0.41222,81.431
-0.94726,0.11995,0.3987,81.436
-0.96677,0.11995,0.37771,81.44
-0.97847,0.11995,0.36512,81.445
-0.97446,0.11995,0.36548,81.45
-0.98661,0.10811,0.368,81.455
-0.96998,0.1239,0.35057,81.46
-0.96987,0.1239,0.34674,81.465
-0.95368,0.11206,0.34411,81.47
-0.93808,0.1239,0.36114,81.475
-0.92569,0.1318,0.35087,81.479
-0.90147,0.11601,0.34889,81.484
-0.86921,0.09626,0.34755,81.489
-0.85279,0.076514,0.33709,81.494
-0.81687,0.072565,0.34794,81.499
-0.86576,0.072565,0.36662,81.504
-0.85382,0.068616,0.37146,81.509
-0.83329,0.092311,0.3584,81.514
-0.82928,0.09626,0.35884,81.519
-0.82596,0.10021,0.3823,81.523
-0.82975,0.10811,0.37442,81.528
-0.85017,0.10416,0.38404,81.533
-0.86268,0.10811,0.39838,81.538
-0.87876,0.11995,0.39717,81.543
-0.89104,0.1239,0.40384,81.548
-0.89896,0.13575,0.39952,81.553
-0.93121,0.1397,0.40054,81.558
-0.93512,0.1476,0.3965,81.562
-0.935,0.14365,0.39259,81.567
-0.935,0.1476,0.39266,81.572
-0.94314,0.1397,0.39562,81.577
-0.93558,0.1555,0.412,81.582
-0.9428,0.1397,0.38411,81.587
-0.9506,0.13575,0.37564,81.592
-0.94233,0.1239,0.36845,81.597
-0.95036,0.12785,0.36781,81.602
-0.94657,0.1239,0.37576,81.606
-0.93086,0.12785,0.3888,81.611
-0.93819,0.11995,0.3649,81.616
-0.92569,0.1239,0.35071,81.621
-0.92145,0.13575,0.34364,81.626
-0.92994,0.12785,0.3581,81.631
-0.92593,0.1397,0.3587,81.636
-0.9055,0.1318,0.34884,81.641
-0.90963,0.1397,0.35248,81.646
-0.92134,0.1397,0.33988,81.65
-0.90952,0.1476,0.3488,81.655
-0.9055,0.14365,0.34908,81.66
-0.90538,0.1318,0.34501,81.665
-0.90974,0.12785,0.35608,81.67
-0.90584,0.13575,0.36043,81.675
-0.90206,0.1397,0.36854,81.68
-0.90171,0.1318,0.35688,81.685
-0.90975,0.1397,0.35631,81.689
-0.91411,0.1397,0.36746,81.694
-0.9179,0.15155,0.35966,81.699
-0.90998,0.15155,0.36422,81.704
-0.90574,0.1555,0.35699,81.709
-0.91411,0.14365,0.36754,81.714
-0.91422,0.1318,0.37114,81.719
-0.9102,0.1318,0.3715,81.724
-0.97021,0.1239,0.35825,81.729
-0.93051,0.11995,0.37713,81.733
-0.91445,0.1318,0.37881,81.738
-0.89827,0.12785,0.37634,81.743
-0.88955,0.1476,0.35444,81.748
-0.89356,0.12785,0.35369,81.753
-0.88598,0.11995,0.3696,81.758
-0.89379,0.12785,0.36136,81.763
-0.91008,0.1239,0.36751,81.768
-0.90629,0.11995,0.37546,81.772
-0.90572,0.12785,0.35644,81.777
-0.90204,0.10416,0.36783,81.782
-0.91066,0.11995,0.38661,81.787
-0.91433,0.1239,0.37482,81.792
-0.91846,0.11995,0.37821,81.797
-0.90618,0.1239,0.3717,81.802
-0.91031,0.1239,0.37518,81.807
-0.90217,0.12785,0.37214,81.812
-0.90653,0.13575,0.38345,81.816
-0.91009,0.1318,0.36766,81.821
-0.89403,0.1397,0.36927,81.826
-0.89851,0.1476,0.38441,81.831
-0.90665,0.14365,0.38744,81.836
-0.90631,0.1397,0.37585,81.841
-0.90573,0.14365,0.35675,81.846
-0.89414,0.13575,0.37302,81.851
-0.89426,0.15155,0.37718,81.855
-0.89047,0.13575,0.38489,81.86
-0.88623,0.1476,0.37782,81.865
-0.89436,0.11601,0.3803,81.87
-0.90205,0.12785,0.36831,81.875
-0.89035,0.1318,0.38098,81.88
-0.88208,0.1239,0.37387,81.885
-0.89424,0.10811,0.37631,81.89
-0.89,0.11995,0.36923,81.895
-0.88197,0.1318,0.37019,81.899
-0.88587,0.1318,0.366,81.904
-0.89011,0.11601,0.37299,81.909
-0.90595,0.11995,0.36395,81.914
-0.90159,0.1318,0.35304,81.919
-0.90631,0.14365,0.37593,81.924
-0.91009,0.14365,0.3679,81.929
-0.89449,0.1397,0.38461,81.934
-0.89391,0.14365,0.36551,81.938
-0.8984,0.1555,0.38073,81.943
-0.89438,0.15155,0.38101,81.948
-0.90253,0.1555,0.3842,81.953
-0.89885,0.14365,0.39584,81.958
-0.88232,0.13575,0.38178,81.963
-0.87038,0.1318,0.38662,81.968
-0.87819,0.1397,0.37839,81.973
-0.89047,0.1397,0.38497,81.978
-0.90252,0.1318,0.38373,81.982
-0.89827,0.13575,0.3765,81.987
-0.89001,0.1318,0.36947,81.992
-0.88633,0.12785,0.38126,81.997
-0.89874,0.14365,0.392,82.002
-0.88254,0.1239,0.38922,82.007
-0.87853,0.12785,0.38966,82.012
-0.89459,0.11601,0.38798,82.017
-0.8986,0.11206,0.38754,82.021
-0.89413,0.11601,0.37263,82.026
-0.89447,0.11601,0.38414,82.031
-0.90652,0.11601,0.38305,82.036
-0.91444,0.1239,0.37865,82.041
-0.91031,0.11995,0.3751,82.046
-0.90216,0.11206,0.37183,82.051
-0.89849,0.11601,0.38378,82.056
-0.89413,0.11206,0.37255,82.061
-0.88977,0.11601,0.36148,82.065
-0.89448,0.1318,0.38445,82.07
-0.90252,0.1318,0.38373,82.075
-0.90973,0.11206,0.35576,82.08
-0.89379,0.12785,0.36136,82.085
-0.90182,0.1318,0.36071,82.09
-0.90217,0.13575,0.3723,82.095
-0.90182,0.1318,0.36071,82.1
-0.90183,0.1397,0.36087,82.104
-0.90607,0.1318,0.36802,82.109
-0.91433,0.1239,0.37482,82.114
-0.91847,0.1318,0.37845,82.119
-0.9141,0.1318,0.3673,82.124
-0.91066,0.12785,0.38677,82.129
-0.91801,0.1397,0.36326,82.134
-0.90218,0.1476,0.37254,82.139
-0.89392,0.1555,0.36575,82.144
-0.90596,0.13575,0.36427,82.148
-0.89402,0.13575,0.36919,82.153
-0.90183,0.13575,0.36079,82.158
-0.90194,0.12785,0.36447,82.163
-0.91008,0.11601,0.36735,82.168
-0.90974,0.1239,0.356,82.173
-0.89413,0.12785,0.37287,82.178
-0.89781,0.1318,0.36108,82.183
-0.90986,0.14365,0.36023,82.187
-0.91778,0.13575,0.35551,82.192
-0.90585,0.1397,0.36051,82.197
-0.9102,0.1318,0.3715,82.202
-0.92202,0.1318,0.36274,82.207
-0.90228,0.1318,0.37606,82.212
-0.91444,0.1239,0.37865,82.217
-0.91835,0.1239,0.37446,82.222
-0.91467,0.11601,0.38617,82.227
-0.91054,0.11601,0.38269,82.231
-0.91433,0.1239,0.37482,82.236
-0.91812,0.12785,0.36686,82.241
-0.90987,0.1476,0.36031,82.246
-0.9218,0.14365,0.35531,82.251
-0.89793,0.1397,0.36507,82.256
-0.90217,0.1397,0.37238,82.261
-0.89391,0.13575,0.36535,82.266
-0.89391,0.13575,0.36535,82.271
-0.89402,0.11995,0.36887,82.275
-0.90618,0.11995,0.37162,82.28
-0.89413,0.11206,0.37255,82.285
-0.89389,0.10811,0.3648,82.29
-0.89826,0.1239,0.37626,82.295
-0.89437,0.12785,0.38054,82.3
-0.91043,0.12785,0.37909,82.305
-0.90653,0.1239,0.38321,82.31
-0.90595,0.11601,0.36387,82.314
-0.90962,0.11206,0.35192,82.319
-0.91788,0.1239,0.35911,82.324
-0.92259,0.12785,0.38185,82.329
-0.91043,0.1239,0.37901,82.334
-0.9265,0.1318,0.37773,82.339
-0.89838,0.1239,0.3801,82.344
-0.91409,0.11206,0.36691,82.349
-0.89402,0.1239,0.36895,82.354
-0.89402,0.11995,0.36887,82.358
-0.89436,0.11995,0.38038,82.363
-0.9188,0.11995,0.38972,82.368
-0.91077,0.1239,0.39052,82.373
-0.91857,0.11206,0.38189,82.378
-0.91008,0.11995,0.36743,82.383
-0.89815,0.11995,0.37235,82.388
-0.89436,0.1239,0.38046,82.393
-0.89895,0.1239,0.39928,82.397
-0.90699,0.13575,0.39879,82.402
-0.88325,0.1476,0.41271,82.407
-0.91572,0.1476,0.42133,82.412
-0.9233,0.15155,0.40534,82.417
-0.93568,0.12785,0.41529,82.422
-0.93568,0.12785,0.41529,82.427
-0.90273,0.10811,0.39093,82.432
-0.89826,0.11206,0.37603,82.437
-0.91753,0.10811,0.34729,82.441
-0.9174,0.084413,0.34298,82.446
-0.90972,0.10021,0.35552,82.451
-0.90583,0.10811,0.35988,82.456
-0.90583,0.10811,0.35988,82.461
-0.92235,0.11206,0.37386,82.466
-0.88999,0.10021,0.36884,82.471
-0.87875,0.11206,0.39702,82.476
-0.88301,0.12785,0.40464,82.48
-0.87038,0.1318,0.38662,82.485
-0.87428,0.1239,0.38227,82.49
-0.86624,0.10811,0.38268,82.495
-0.86659,0.1239,0.3945,82.5
-0.86625,0.1318,0.38315,82.505
-0.86637,0.1318,0.38698,82.51
-0.8503,0.1318,0.38843,82.515
-0.85879,0.11995,0.40282,82.52
-0.86282,0.1397,0.40285,82.524
-0.87876,0.1239,0.39725,82.529
-0.87509,0.12785,0.4092,82.534
-0.88702,0.1239,0.4042,82.539
-0.88714,0.1239,0.40804,82.544
-0.87439,0.11995,0.38603,82.549
-0.88701,0.10811,0.40389,82.554
-0.89058,0.12785,0.38857,82.559
-0.89069,0.11601,0.39217,82.563
-0.883,0.11206,0.40433,82.568
-0.88712,0.10021,0.40757,82.573
-0.89092,0.11995,0.39992,82.578
-0.9071,0.11995,0.40232,82.583
-0.89907,0.1318,0.40327,82.588
-0.91113,0.13575,0.40227,82.593
-0.91124,0.12785,0.40595,82.598
-0.90355,0.13575,0.41834,82.603
-0.90355,0.13575,0.41834,82.607
-0.91595,0.1397,0.42884,82.612
-0.91997,0.15155,0.42872,82.617
-0.90426,0.1634,0.44191,82.622
-0.91229,0.15155,0.44095,82.627
-0.90426,0.16734,0.44199,82.632
-0.924,0.16734,0.42867,82.637
-0.91195,0.1634,0.42967,82.642
-0.90747,0.1555,0.41453,82.646
-0.89862,0.1397,0.38809,82.651
-0.88575,0.10811,0.36169,82.656
-0.8972,0.072565,0.34071,82.661
-0.89282,0.05282,0.32917,82.666
-0.87687,0.044921,0.3343,82.671
-0.85736,0.044921,0.35528,82.676
-0.84188,0.060718,0.37623,82.681
-0.83787,0.072565,0.37682,82.686
-0.85419,0.10021,0.3836,82.69
-0.86623,0.10021,0.38252,82.695
-0.87117,0.10021,0.41285,82.7
-0.86257,0.11206,0.39462,82.705
-0.88265,0.10416,0.39266,82.71
-0.883,0.11601,0.40441,82.715
-0.87933,0.11601,0.41628,82.72
-0.89091,0.11206,0.39977,82.725
-0.89516,0.11206,0.40708,82.729
-0.87898,0.11601,0.40477,82.734
-0.87875,0.10416,0.39686,82.739
-0.8745,0.10021,0.38947,82.744
-0.88276,0.10021,0.39642,82.749
-0.88677,0.09626,0.39598,82.754
-0.89126,0.11206,0.41128,82.759
-0.89527,0.09626,0.4106,82.764
-0.89148,0.10021,0.41871,82.769
-0.88724,0.10811,0.41156,82.773
-0.90744,0.11995,0.41382,82.778
-0.90687,0.11995,0.39464,82.783
-0.89895,0.1239,0.39928,82.788
-0.90262,0.11601,0.38725,82.793
-0.90686,0.11206,0.39449,82.798
-0.90286,0.12785,0.39516,82.803
-0.90698,0.11995,0.39848,82.808
-0.90309,0.1318,0.40291,82.812
-0.90331,0.11995,0.41035,82.817
-0.89138,0.11206,0.41511,82.822
-0.89919,0.12785,0.40703,82.827
-0.88725,0.1239,0.41187,82.832
-0.88667,0.11995,0.39261,82.837
-0.88656,0.1239,0.38886,82.842
-0.89436,0.11206,0.38022,82.847
-0.87829,0.11601,0.38175,82.852
-0.86589,0.10021,0.37101,82.856
-0.87828,0.10021,0.38143,82.861
-0.88241,0.088362,0.38467,82.866
-0.88253,0.09626,0.38867,82.871
-0.90274,0.1239,0.39125,82.876
-0.89447,0.11206,0.38406,82.881
-0.89435,0.10416,0.38007,82.886
-0.89504,0.09626,0.40293,82.891
-0.90756,0.12785,0.41782,82.896
-0.9031,0.1397,0.40307,82.9
-0.89885,0.13575,0.39568,82.905
-0.89448,0.13575,0.38453,82.91
-0.90653,0.1318,0.38337,82.915
-0.89425,0.11995,0.37655,82.92
-0.90228,0.1239,0.3759,82.925
-0.90239,0.11206,0.3795,82.93
-0.89883,0.11206,0.39521,82.935
-0.89068,0.10416,0.39194,82.939
-0.88644,0.11995,0.38494,82.944
-0.89436,0.11206,0.38022,82.949
-0.89034,0.11206,0.38059,82.954
-0.88289,0.1239,0.40073,82.959
-0.89436,0.11995,0.38038,82.964
-0.87795,0.11995,0.37032,82.969
-0.89069,0.11995,0.39225,82.974
-0.87853,0.13575,0.38982,82.979
-0.88679,0.1239,0.39653,82.983
-0.89092,0.11995,0.39992,82.988
-0.88313,0.13575,0.40864,82.993
-0.89104,0.1318,0.404,82.998
-0.89082,0.1397,0.39648,83.003
-0.88622,0.1239,0.37735,83.008
-0.88243,0.11995,0.3853,83.013
-0.89035,0.12785,0.3809,83.018
-0.90297,0.1239,0.39892,83.022
-0.88714,0.12785,0.40812,83.027
-0.89506,0.12785,0.40356,83.032
-0.88679,0.11601,0.39637,83.037
-0.89506,0.1318,0.40364,83.042
-0.89884,0.1239,0.39544,83.047
-0.90216,0.11995,0.37199,83.052
-0.90629,0.11601,0.37538,83.057
-0.89872,0.11601,0.39145,83.062
-0.91054,0.11995,0.38277,83.066
-0.90297,0.1239,0.39892,83.071
-0.87395,0.1397,0.37107,83.076
-0.89425,0.1318,0.37678,83.081
-0.8899,0.1397,0.36579,83.086
-0.89414,0.13575,0.37302,83.091
-0.89023,0.12785,0.37706,83.096
-0.89414,0.1318,0.37295,83.101
-0.89827,0.13575,0.3765,83.105
-0.90252,0.13575,0.38381,83.11
-0.87027,0.1318,0.38279,83.115
-0.89036,0.1397,0.38114,83.12
-0.88232,0.1318,0.3817,83.125
-0.89873,0.1318,0.39177,83.13
-0.89403,0.1397,0.36927,83.135
-0.89035,0.1318,0.38098,83.14
-0.9024,0.13575,0.37997,83.145
-0.89862,0.13575,0.38801,83.149
-0.89861,0.1318,0.38793,83.154
-0.89425,0.12785,0.3767,83.159
-0.89884,0.1239,0.39544,83.164
-0.89815,0.1239,0.37243,83.169
-0.89057,0.11601,0.38834,83.174
-0.9025,0.11206,0.38334,83.179
-0.88277,0.11995,0.39681,83.184
-0.88668,0.12785,0.39277,83.188
-0.89839,0.13575,0.38034,83.193
-0.89862,0.1397,0.38809,83.198
-0.90675,0.11601,0.39073,83.203
-0.89058,0.1318,0.38865,83.208
-0.87899,0.1318,0.40508,83.213
-0.89093,0.1397,0.40032,83.218
-0.90251,0.1239,0.38357,83.223
-0.8985,0.12785,0.38401,83.228
-0.9024,0.1318,0.3799,83.232
-0.91043,0.1239,0.37901,83.237
-0.91101,0.12785,0.39828,83.242
-0.91066,0.12785,0.38677,83.247
-0.90274,0.12785,0.39133,83.252
-0.90665,0.13575,0.38729,83.257
-0.90676,0.1318,0.39104,83.262
-0.91434,0.1397,0.37513,83.267
-0.89827,0.13575,0.3765,83.271
-0.90263,0.1318,0.38757,83.276
-0.90629,0.11601,0.37538,83.281
-0.89436,0.11206,0.38022,83.286
-0.89413,0.12785,0.37287,83.291
-0.89459,0.11601,0.38798,83.296
-0.88633,0.1239,0.38118,83.301
-0.90619,0.1318,0.37186,83.306
-0.89838,0.1239,0.3801,83.311
-0.89815,0.11995,0.37235,83.315
-0.89815,0.1239,0.37243,83.32
-0.90619,0.1318,0.37186,83.325
-0.90263,0.1239,0.38741,83.33
-0.90228,0.1239,0.3759,83.335
-0.89826,0.11995,0.37618,83.34
-0.89435,0.10811,0.38015,83.345
-0.90217,0.1239,0.37207,83.35
-0.89436,0.11206,0.38022,83.354
-0.89838,0.1239,0.3801,83.359
-0.89459,0.11995,0.38805,83.364
-0.89803,0.11206,0.36835,83.369
-0.90572,0.1239,0.35636,83.374
-0.90262,0.11995,0.38733,83.379
-0.89849,0.1239,0.38394,83.384
-0.90619,0.1318,0.37186,83.389
-0.90205,0.12785,0.36831,83.394
-0.90676,0.12785,0.39096,83.398
-0.91066,0.1318,0.38684,83.403
-0.91491,0.13575,0.39423,83.408
-0.90676,0.1318,0.39104,83.413
-0.89862,0.1397,0.38809,83.418
-0.90287,0.1397,0.3954,83.423
-0.92248,0.1318,0.37809,83.428
-0.88221,0.14365,0.3781,83.433
-0.88186,0.1397,0.36651,83.437
-0.89391,0.14365,0.36551,83.442
-0.89046,0.1239,0.38466,83.447
-0.8907,0.13575,0.39257,83.452
-0.90228,0.12785,0.37598,83.457
-0.90665,0.1397,0.38736,83.462
-0.90252,0.1476,0.38405,83.467
-0.90252,0.14365,0.38397,83.472
